eye -50 -50 100 
camera 0 1 0 0.5 0.5 -1 300 72 54
light 0.4 0.6 -0.8 0.8
light 0.1 0.1 -0.1 0.1
bezier 2 2
5 5 13
5 -5 13
-5 5 14
-5 -5 14
2 2
0 255 0 0.8
bezier 2 2
100 10 100
-100 10 100
100 10 -100
-100 10 -100
2 2
0 255 0 0.8
bezier 2 2
10 10 10
10 -10 10
-10 10 10
-10 -10 10
2 2
255 255 255 0.8
bezier 2 2
10 10 -10
10 -10 -10
-10 10 -10
-10 -10 -10
2 2
255 255 255 0.8
bezier 2 2
10 10 -10
10 10 10
-10 10 -10
-10 10 10
2 2
255 255 255 0.8
bezier 2 2
10 -10 -10
10 -10 10
-10 -10 -10
-10 -10 10
2 2
255 255 255 0.8
bezier 2 2
10 10 -10
10 10 10
10 -10 -10
10 -10 10
2 2
255 255 255 0.8
bezier 2 2
-10 10 -10
-10 10 10
-10 -10 -10
-10 -10 10
2 2
255 255 255 0.8
size 720 540
