eye 0 0 100 
camera 0 1 0 0 0 -1 600 192 108
#light 0.4 0.6 -0.8 0.8
#light -0.1 0.1 0 0.4
light 0 0 -1 1
#bezier 2 2
#100 100 -3
#100 -100 -3
#-100 100 -3
#-100 -100 -3
#2 2 255 255 255 0.5 0 200 10 0.2 0 0
#bezier 3 3
#100 100 0
#100 0 -100
#100 -100 0
#0 100 0
#0 0 -100
#0 -100 0
#-100 100 0
#-100 0 -100
#-100 -100 0
#30 30 255 255 255 0.5 0 200 10 0.2 0 0
object 1 1 1 0 0 0 10 0 0 0
0 0 0
0.2 0.2 0.1 0.3
1 0 0
object 1 1 1 0 0 0 -10 0 0 0 
159 40 0
0.2 0.2 0.1 0.3
0 0 0
ambient 1
supersampling 0
depth 2
size 960 540
