eye 0 0 100 
camera 0 1 0 0 0 -1 100 100 100
light 0.4 0.6 -0.8 0.8
light -0.1 0.2 -0.3 0.4
light 0 0 -1 0.2
light 0 0 1 1
object 1 1 1 0 0 0 -20 -20 -40 2300
0 40 159
0.2 0.2 0 10
0 0 0
#object 1 1 1 0 0 0 -10 0 0 0 
#159 40 0
#0.2 0.2 0.2 10
#0 0 0
ambient 1
supersampling 0
depth 1
size 500 500




bezier 2 2
100 100 0
100 -100 0
-100 100 0
-100 -100 0
2 2 255 255 255 0 0.2 0.4 1 1 0 0
#bezier 3 3
#100 100 0
#100 0 -100
#100 -100 0
#0 100 0
#0 0 -100
#0 -100 0
#-100 100 0
#-100 0 -100
#-100 -100 0
#30 30 255 255 255 0.5 0 200 10 0.2 0 0

